time,amplitude,phase,k,r2
1948-01-01T00:00:00Z,18.5345034283332,0.992825046073139,3,0.0529041742242629
1948-02-01T00:00:00Z,15.7505488943359,1.13200126010443,3,0.0313135225463831
1948-03-01T00:00:00Z,8.68040704476327,1.62850918417524,3,0.00859182048200728
1948-04-01T00:00:00Z,19.6261722888917,1.74781823010695,3,0.0325713599514616
1948-05-01T00:00:00Z,55.6970746479578,0.0614117934715673,3,0.33214707967914
1948-06-01T00:00:00Z,4.19433293871676,1.03626558855957,3,0.00415498889012135
1948-07-01T00:00:00Z,26.418511722956,1.95556287456892,3,0.074138624984002
1948-08-01T00:00:00Z,42.7816844165579,0.26167920065395,3,0.117974864854373
1948-09-01T00:00:00Z,25.9846705847021,1.2923049635614,3,0.0621039168121423
1948-10-01T00:00:00Z,70.3225586119506,2.08829547054774,3,0.249980474529396
1948-11-01T00:00:00Z,26.2312660514974,1.66633016583561,3,0.0319554022308446
1948-12-01T00:00:00Z,48.3236509631907,1.36778372892772,3,0.298973697707838
1949-01-01T00:00:00Z,36.0673124963581,0.816990728992827,3,0.102009691286086
1949-02-01T00:00:00Z,14.59058431076,1.58185969023901,3,0.0717320451261698
1949-03-01T00:00:00Z,13.9815076864929,0.677423581798624,3,0.0654898002043329
1949-04-01T00:00:00Z,7.26331125000724,1.76933629536474,3,0.0077632099072307
1949-05-01T00:00:00Z,90.7270454502496,0.530806531616619,3,0.648191988288068
1949-06-01T00:00:00Z,29.2942323177539,0.169260437066279,3,0.111052887723111
1949-07-01T00:00:00Z,45.4672118089685,0.067606684837572,3,0.147151330675165
1949-08-01T00:00:00Z,11.5512414135585,0.446351425372058,3,0.0173817731363952
1949-09-01T00:00:00Z,74.0965664902002,0.0315819862383101,3,0.220435434173312
1949-10-01T00:00:00Z,25.1903756726945,0.647989787385316,3,0.0335056917385538
1949-11-01T00:00:00Z,17.977252851097,1.4405218999766,3,0.0367065352270019
1949-12-01T00:00:00Z,13.6702028600704,0.0440547813829073,3,0.0402666578237513
1950-01-01T00:00:00Z,13.9287232849883,1.38850468634551,3,0.0193979771607296
1950-02-01T00:00:00Z,32.5421390058104,1.94097511798124,3,0.0795929925237583
1950-03-01T00:00:00Z,25.4474356561235,0.202110645824929,3,0.279355265718524
1950-04-01T00:00:00Z,31.4435763094608,0.156324182316609,3,0.116196311046135
1950-05-01T00:00:00Z,64.0524293912566,0.505102872320544,3,0.449602237505638
1950-06-01T00:00:00Z,74.1115035524254,0.353734335139355,3,0.309233905280944
1950-07-01T00:00:00Z,67.9020241268999,0.287132502452562,3,0.50793994406563
1950-08-01T00:00:00Z,54.2427640055613,0.268542393785323,3,0.186783578048219
1950-09-01T00:00:00Z,31.763608804768,0.840389339101178,3,0.0574694725048853
1950-10-01T00:00:00Z,30.7527792072582,1.02253993787794,3,0.065098438529597
1950-11-01T00:00:00Z,1.11441114577929,0.418241282740666,3,0.000364463393876628
1950-12-01T00:00:00Z,31.1563253151023,0.801040086071368,3,0.178476797232164
1951-01-01T00:00:00Z,9.37935251768689,0.834143965349862,3,0.0079959578812866
1951-02-01T00:00:00Z,30.8163507595088,1.80324117494915,3,0.0845080847292543
1951-03-01T00:00:00Z,33.0007356556118,1.29174442565488,3,0.20690383692584
1951-04-01T00:00:00Z,38.9490722982706,1.13985945363018,3,0.129597343916893
1951-05-01T00:00:00Z,24.8008877148263,1.68588201553793,3,0.093441210547779
1951-06-01T00:00:00Z,13.2447304939397,1.85179491771051,3,0.0444205422873503
1951-07-01T00:00:00Z,11.1199398116796,1.37514032645238,3,0.0239182264528869
1951-08-01T00:00:00Z,56.6540978211194,1.53177844243856,3,0.386095810934748
1951-09-01T00:00:00Z,34.8314541819709,0.268752278984102,3,0.208547914377607
1951-10-01T00:00:00Z,52.8868116138842,0.474048150360721,3,0.153361676491789
1951-11-01T00:00:00Z,12.3370674974956,1.39056956169695,3,0.0104807902875169
1951-12-01T00:00:00Z,4.11490897553317,0.036923598512096,3,0.00223698399877004
1952-01-01T00:00:00Z,20.525453789522,2.0932176221271,3,0.076864023691998
1952-02-01T00:00:00Z,38.1742271984639,1.22258532648901,3,0.172383283331711
1952-03-01T00:00:00Z,0.828185489295922,1.25203371189255,3,5.83395865653074e-05
1952-04-01T00:00:00Z,6.83807119230307,0.249302858696455,3,0.00357558148598706
1952-05-01T00:00:00Z,10.111380643125,1.57897213286968,3,0.00916442635818728
1952-06-01T00:00:00Z,55.728423190363,0.188850427188967,3,0.128306718464948
1952-07-01T00:00:00Z,29.8421798179405,0.545998794004792,3,0.157771658731544
1952-08-01T00:00:00Z,45.4592864414279,1.20178795911241,3,0.168648661340973
1952-09-01T00:00:00Z,23.3802657182431,1.29151019465199,3,0.0348164973418353
1952-10-01T00:00:00Z,23.8521509672742,0.54209268049424,3,0.0588236284435199
1952-11-01T00:00:00Z,23.2063606324945,1.49792341280928,3,0.0416309836825255
1952-12-01T00:00:00Z,27.7776243386835,0.25224051033359,3,0.065632719365408
1953-01-01T00:00:00Z,20.2304175795518,0.777602183996643,3,0.039002823599419
1953-02-01T00:00:00Z,19.9233709544667,1.96504600206016,3,0.0107143183559232
1953-03-01T00:00:00Z,40.2985132318309,0.417958656632877,3,0.203856213837384
1953-04-01T00:00:00Z,27.4460869077831,0.871379247443385,3,0.0756102352422159
1953-05-01T00:00:00Z,16.7432973500169,1.58663502327056,3,0.0192387915689716
1953-06-01T00:00:00Z,30.8307329940445,1.5546331425045,3,0.0804897331030927
1953-07-01T00:00:00Z,41.9072521940687,1.63011243213999,3,0.211447724621609
1953-08-01T00:00:00Z,29.8647917330517,1.65067937498678,3,0.177884146342948
1953-09-01T00:00:00Z,20.5689697771342,0.885347065367007,3,0.0353298247497552
1953-10-01T00:00:00Z,19.5652157767083,0.21975091924038,3,0.0164467175259972
1953-11-01T00:00:00Z,10.6058634089088,1.68029428518858,3,0.00530996140096061
1953-12-01T00:00:00Z,27.1647133396167,1.28079800060039,3,0.258559554069647
1954-01-01T00:00:00Z,58.8083904079194,0.268089338521497,3,0.414330231614382
1954-02-01T00:00:00Z,14.1277007448339,0.519303827621597,3,0.0236681290120247
1954-03-01T00:00:00Z,48.5717789700775,1.05953611552082,3,0.171138828147263
1954-04-01T00:00:00Z,32.1542717499898,1.72176080732397,3,0.0791273387893172
1954-05-01T00:00:00Z,26.8271109157941,1.06606038891153,3,0.070590356474755
1954-06-01T00:00:00Z,8.38951968621403,0.204208968398055,3,0.00639877599068331
1954-07-01T00:00:00Z,1.63514788685916,0.19434517016478,3,0.000477942889534716
1954-08-01T00:00:00Z,25.8745155547392,0.182127458540417,3,0.0688066045963321
1954-09-01T00:00:00Z,22.5729307808076,0.460721706201996,3,0.0403131270752203
1954-10-01T00:00:00Z,53.8374105395601,1.62753046909045,3,0.122420298418307
1954-11-01T00:00:00Z,55.4140248081031,1.23500965546298,3,0.295764966328812
1954-12-01T00:00:00Z,15.1473476563125,1.06013454798695,3,0.0352746274311133
1955-01-01T00:00:00Z,37.4739013285074,1.39956730361662,3,0.0964416159763878
1955-02-01T00:00:00Z,20.2232640920008,0.825986907860376,3,0.0352499088993279
1955-03-01T00:00:00Z,32.4832375724657,0.216238813151776,3,0.116550012726327
1955-04-01T00:00:00Z,43.3087921594249,0.81187390683684,3,0.366119806203441
1955-05-01T00:00:00Z,27.3004770798251,0.656017381882411,3,0.130351990560521
1955-06-01T00:00:00Z,31.0578502722196,0.299772164368719,3,0.0890115446911636
1955-07-01T00:00:00Z,56.1091796260166,0.2827965380504,3,0.354390341138611
1955-08-01T00:00:00Z,25.1534607199476,0.12568833698693,3,0.0364642912884278
1955-09-01T00:00:00Z,24.5985242833449,0.708980555024503,3,0.0810477391760135
1955-10-01T00:00:00Z,48.4188832296965,1.20263688655242,3,0.101049381651509
1955-11-01T00:00:00Z,28.079302948402,1.15042246774361,3,0.0389479373714972
1955-12-01T00:00:00Z,64.0319070492874,0.711668751560453,3,0.404380924058227
1956-01-01T00:00:00Z,58.496729256106,0.749315847780671,3,0.39134495339259
1956-02-01T00:00:00Z,47.3336667391564,0.525805161329502,3,0.310026602477324
1956-03-01T00:00:00Z,7.47536202995816,1.07866180223833,3,0.0152697938222662
1956-04-01T00:00:00Z,48.5533073762494,1.08785230432976,3,0.276910763784365
1956-05-01T00:00:00Z,19.4768233519265,0.858415145959999,3,0.0406642818160298
1956-06-01T00:00:00Z,23.625292971233,1.85241833569,3,0.0963252614033252
1956-07-01T00:00:00Z,34.8412147235438,0.930426764599112,3,0.117280461731738
1956-08-01T00:00:00Z,46.6588721683076,1.65372670796809,3,0.127710656898284
1956-09-01T00:00:00Z,17.9768939590021,1.67692213898178,3,0.0195652332257507
1956-10-01T00:00:00Z,42.9369942646783,1.46443425047764,3,0.0664872479016623
1956-11-01T00:00:00Z,37.5899353707776,1.29091992394512,3,0.164122901770814
1956-12-01T00:00:00Z,25.7789082466365,1.29956764982115,3,0.0782376105564915
1957-01-01T00:00:00Z,32.1235372176834,1.24861991783183,3,0.106987927394539
1957-02-01T00:00:00Z,54.8170357746123,0.924112674773431,3,0.33759399362539
1957-03-01T00:00:00Z,43.6750020115277,1.16215651818831,3,0.158445177189245
1957-04-01T00:00:00Z,51.830133501173,0.763272943135899,3,0.278390654574786
1957-05-01T00:00:00Z,34.9317808617782,1.5625896383253,3,0.10011298770271
1957-06-01T00:00:00Z,72.9794451560125,0.232084194473437,3,0.276799298569936
1957-07-01T00:00:00Z,40.8297129251989,0.842660781487865,3,0.242678053834089
1957-08-01T00:00:00Z,75.2810593594793,0.735439335776255,3,0.432032456069088
1957-09-01T00:00:00Z,50.0722112724873,0.876437332668043,3,0.12386091642245
1957-10-01T00:00:00Z,36.9227295305837,1.87399979169177,3,0.0766763984820117
1957-11-01T00:00:00Z,42.812785731533,1.49467388960572,3,0.114342664103162
1957-12-01T00:00:00Z,14.0937639190838,0.0437416057366695,3,0.0423235434586812
1958-01-01T00:00:00Z,29.2772766792797,1.17260803108316,3,0.212207527275689
1958-02-01T00:00:00Z,40.1310566570467,0.780519175698003,3,0.115719924876755
1958-03-01T00:00:00Z,62.9179269771502,0.981350563080498,3,0.418317328365805
1958-04-01T00:00:00Z,25.116952649497,0.482552046546554,3,0.0894239432179133
1958-05-01T00:00:00Z,42.6095604955208,0.846092724377829,3,0.150374232614927
1958-06-01T00:00:00Z,35.132767538491,0.131956063418453,3,0.149188142233008
1958-07-01T00:00:00Z,62.1180804047777,0.629918694580669,3,0.185359815004808
1958-08-01T00:00:00Z,17.889151428441,1.46498254896878,3,0.0296526282258695
1958-09-01T00:00:00Z,51.8869862492021,1.40322041446175,3,0.236977545450829
1958-10-01T00:00:00Z,72.4173247213235,1.19572238543029,3,0.218647456187685
1958-11-01T00:00:00Z,51.8168718331687,1.06509083091682,3,0.308244505777692
1958-12-01T00:00:00Z,13.6359591100149,0.727542343514648,3,0.0110012866065319
1959-01-01T00:00:00Z,54.5197604460994,0.899274656878895,3,0.326943249658465
1959-02-01T00:00:00Z,3.42376303313272,0.846461112549932,3,0.000656993743410941
1959-03-01T00:00:00Z,22.2934338345678,1.16998726121948,3,0.038984281871853
1959-04-01T00:00:00Z,61.2484711956203,0.664576468349496,3,0.206399747726518
1959-05-01T00:00:00Z,29.1999220106611,0.285227829387859,3,0.0899304303164415
1959-06-01T00:00:00Z,47.5932128530875,0.718884014992441,3,0.176106736390042
1959-07-01T00:00:00Z,56.2382677970091,0.665821016940432,3,0.213290028196583
1959-08-01T00:00:00Z,9.99598626504867,0.319972393979955,3,0.0143659088693802
1959-09-01T00:00:00Z,58.7815191636958,1.14445703429679,3,0.557985502736688
1959-10-01T00:00:00Z,12.1423237485902,0.507388968566307,3,0.0100368521908903
1959-11-01T00:00:00Z,47.7750677939668,0.422771655204791,3,0.290644056942976
1959-12-01T00:00:00Z,34.5488984081463,0.719633243273627,3,0.16750064228757
1960-01-01T00:00:00Z,21.9933785767458,0.777283290094226,3,0.0447091144561009
1960-02-01T00:00:00Z,60.6859570348973,1.1522928772593,3,0.238523381477367
1960-03-01T00:00:00Z,67.9597804087328,1.1629990436981,3,0.420831198688565
1960-04-01T00:00:00Z,17.4262380244623,0.774556885266023,3,0.035646317577862
1960-05-01T00:00:00Z,63.6438395881972,0.850251395886837,3,0.3727399816209
1960-06-01T00:00:00Z,12.6724953248247,0.542176429382318,3,0.0145497954620603
1960-07-01T00:00:00Z,3.12018376707497,1.87278886636966,3,0.00115564586841967
1960-08-01T00:00:00Z,28.7841925399398,0.689502300852283,3,0.057736470914562
1960-09-01T00:00:00Z,3.07367561287897,1.00323642543267,3,0.0012042642862345
1960-10-01T00:00:00Z,33.281745868317,1.13394503073505,3,0.104417463474309
1960-11-01T00:00:00Z,10.5062886273804,1.99871104092721,3,0.00896698854435642
1960-12-01T00:00:00Z,19.2765597107074,0.36461408778221,3,0.0183894527905893
1961-01-01T00:00:00Z,19.0417925152435,2.06107980359029,3,0.0217007168685909
1961-02-01T00:00:00Z,7.46144020951393,0.19530576508111,3,0.00776558007861072
1961-03-01T00:00:00Z,30.7820195349342,1.45839881775092,3,0.0767223636155525
1961-04-01T00:00:00Z,34.8640323716893,0.603409308190296,3,0.16899761520585
1961-05-01T00:00:00Z,17.7000275194626,0.457246243945523,3,0.0763716487469825
1961-06-01T00:00:00Z,48.183626362476,0.352506098018172,3,0.357030255945976
1961-07-01T00:00:00Z,46.9302597142463,0.513688721739866,3,0.226243310289343
1961-08-01T00:00:00Z,64.1806035716077,0.771564709140708,3,0.464105391175548
1961-09-01T00:00:00Z,24.077109531976,0.679108683338121,3,0.11837493856594
1961-10-01T00:00:00Z,38.9618895889792,0.996642180387225,3,0.267605673033437
1961-11-01T00:00:00Z,35.3313346427308,0.353913151008832,3,0.254797586544586
1961-12-01T00:00:00Z,40.4735977402618,1.0413993397952,3,0.248393013165568
1962-01-01T00:00:00Z,35.811601426943,1.21573669920697,3,0.175279443081672
1962-02-01T00:00:00Z,37.6416217990563,1.01398175845036,3,0.105078182028135
1962-03-01T00:00:00Z,58.8787896725803,1.12658155975971,3,0.261615092922419
1962-04-01T00:00:00Z,25.4199982888309,1.15818228462237,3,0.118722287537671
1962-05-01T00:00:00Z,43.9875355740454,1.02870168595631,3,0.144034694675124
1962-06-01T00:00:00Z,40.4969799482421,0.87129562523316,3,0.209305742339865
1962-07-01T00:00:00Z,35.3710978254577,0.980829105512233,3,0.0973572742213659
1962-08-01T00:00:00Z,31.3248784400479,0.531213315454971,3,0.123406323130411
1962-09-01T00:00:00Z,31.5009722876874,1.16388383215118,3,0.168014386820817
1962-10-01T00:00:00Z,49.7867406490115,1.19005837795464,3,0.113149182211804
1962-11-01T00:00:00Z,33.6510445016573,0.948854838364858,3,0.0794564508829677
1962-12-01T00:00:00Z,17.6886610599607,0.804824066930305,3,0.027757700869166
1963-01-01T00:00:00Z,22.6746580858597,0.358568995483636,3,0.0620005444451799
1963-02-01T00:00:00Z,95.0647967661261,0.989265105958603,3,0.713475012793983
1963-03-01T00:00:00Z,15.8529041045204,0.190037376258159,3,0.0499543645539266
1963-04-01T00:00:00Z,14.4693267482464,0.509755200545982,3,0.0798311334968382
1963-05-01T00:00:00Z,33.0780047254905,0.137335055839985,3,0.0862490558110539
1963-06-01T00:00:00Z,38.9301382605196,0.490442265821964,3,0.112626441021415
1963-07-01T00:00:00Z,27.9731881983892,0.484168850988515,3,0.0735485153748659
1963-08-01T00:00:00Z,69.3800323965301,0.701395109626285,3,0.522261770047059
1963-09-01T00:00:00Z,39.0214991622901,0.904982094466063,3,0.234335166765786
1963-10-01T00:00:00Z,89.2898343086312,0.48418540184444,3,0.474435720159314
1963-11-01T00:00:00Z,39.7019750761035,0.444151582939579,3,0.324328050835381
1963-12-01T00:00:00Z,21.6174168158697,1.50697380963781,3,0.0644116850190978
1964-01-01T00:00:00Z,33.320982688299,1.3310730324433,3,0.218090702228515
1964-02-01T00:00:00Z,13.6109764145296,0.999449664157127,3,0.048039980337601
1964-03-01T00:00:00Z,7.9302624809325,0.857792156963171,3,0.0103147012545399
1964-04-01T00:00:00Z,47.9884483036248,0.534381299215972,3,0.566306482363585
1964-05-01T00:00:00Z,43.8385693582364,0.55174089911678,3,0.194448767248487
1964-06-01T00:00:00Z,59.3352288302729,0.367965069495471,3,0.619896134563866
1964-07-01T00:00:00Z,58.316526183046,0.929184448081604,3,0.247419004046593
1964-08-01T00:00:00Z,59.8178967488321,2.05033344898438,3,0.241419237514383
1964-09-01T00:00:00Z,16.2807030087738,1.30089902264527,3,0.0146171393747113
1964-10-01T00:00:00Z,24.1336464938369,1.23329061459065,3,0.0287070284454445
1964-11-01T00:00:00Z,19.6213745621217,0.203126857504373,3,0.0300734042224849
1964-12-01T00:00:00Z,4.98292761687913,0.959909852143193,3,0.00268639291946253
1965-01-01T00:00:00Z,45.2278126296511,1.07613026647143,3,0.199070159060509
1965-02-01T00:00:00Z,49.3986135557622,1.43387317764791,3,0.193810064980721
1965-03-01T00:00:00Z,98.9039923496913,1.20397700369712,3,0.572412325078389
1965-04-01T00:00:00Z,26.2431401206723,0.695975017833964,3,0.282345758025228
1965-05-01T00:00:00Z,36.9321602588378,0.256406824792204,3,0.293581526840792
1965-06-01T00:00:00Z,34.8740003876461,0.81716920196435,3,0.120399973284575
1965-07-01T00:00:00Z,63.0608748502111,0.661992111489028,3,0.305083311642598
1965-08-01T00:00:00Z,45.1679130086025,0.767106790935464,3,0.215332809343702
1965-09-01T00:00:00Z,60.5766784475199,0.514121099046081,3,0.241772258866105
1965-10-01T00:00:00Z,43.8850838447263,0.0979317284302907,3,0.118048418872279
1965-11-01T00:00:00Z,27.1758332114097,1.66274652101051,3,0.0521449596861865
1965-12-01T00:00:00Z,47.360937550382,0.355408157358828,3,0.159213825972275
1966-01-01T00:00:00Z,0.991341922033716,1.96882197271954,3,0.00011964572524231
1966-02-01T00:00:00Z,23.5875980794483,0.647001825852372,3,0.045046186117056
1966-03-01T00:00:00Z,41.133859989028,0.840339068450799,3,0.187367032302361
1966-04-01T00:00:00Z,34.6768337614247,0.468941951174849,3,0.0794743001654962
1966-05-01T00:00:00Z,44.5115639086318,0.766867284289984,3,0.335063489101989
1966-06-01T00:00:00Z,41.2994483283011,0.363931442029405,3,0.181919714664154
1966-07-01T00:00:00Z,41.7181357067509,1.00942341417209,3,0.248627352121779
1966-08-01T00:00:00Z,27.7357557135442,0.988311129360213,3,0.0772225838451442
1966-09-01T00:00:00Z,42.6378058950019,0.513155842349535,3,0.217584476186777
1966-10-01T00:00:00Z,34.511205868099,0.304980789312553,3,0.107583550813284
1966-11-01T00:00:00Z,29.3380231338783,0.714126452001007,3,0.0803844988624693
1966-12-01T00:00:00Z,10.3561708002054,1.17922853346479,3,0.0203899600091743
1967-01-01T00:00:00Z,12.7721335061869,1.20518608308691,3,0.014703114510103
1967-02-01T00:00:00Z,7.79788171877241,2.00505633395491,3,0.0100997962666498
1967-03-01T00:00:00Z,56.4137073413145,1.04669174445828,3,0.440103649923077
1967-04-01T00:00:00Z,36.8199865488909,0.665907594884272,3,0.421136900468395
1967-05-01T00:00:00Z,65.9790799436874,0.646356577562274,3,0.466019732727799
1967-06-01T00:00:00Z,68.8062305872903,0.681071604246435,3,0.376863858248081
1967-07-01T00:00:00Z,65.8601888607567,0.592570527022192,3,0.348394207912542
1967-08-01T00:00:00Z,59.2331169662082,1.01571015821464,3,0.23246198045374
1967-09-01T00:00:00Z,12.7545987184907,0.799587259605156,3,0.0198741330849026
1967-10-01T00:00:00Z,68.0993084929982,0.863818442640823,3,0.450483658251302
1967-11-01T00:00:00Z,30.6876270926553,1.61261867135167,3,0.114075698873932
1967-12-01T00:00:00Z,23.8897947966181,0.871732360284532,3,0.07952328558635
1968-01-01T00:00:00Z,24.566366572088,1.32725374053463,3,0.0421548652629478
1968-02-01T00:00:00Z,44.4017632777478,1.46969580401966,3,0.127923943972773
1968-03-01T00:00:00Z,63.0727924637517,0.857330487321923,3,0.61252993828529
1968-04-01T00:00:00Z,61.1843633732095,1.18844682051733,3,0.247674880464889
1968-05-01T00:00:00Z,55.8910010940569,0.971921092369367,3,0.312751296196907
1968-06-01T00:00:00Z,52.397346815672,0.670490710280122,3,0.443977888888276
1968-07-01T00:00:00Z,38.8491969013211,1.07581002297442,3,0.148646402696449
1968-08-01T00:00:00Z,83.0634096987113,1.27298658022771,3,0.555587538830778
1968-09-01T00:00:00Z,8.88043918746403,1.8787283790287,3,0.00509218471763132
1968-10-01T00:00:00Z,55.5148594451189,1.70267486485031,3,0.151663104981369
1968-11-01T00:00:00Z,17.8732665396086,1.42190573196819,3,0.0466994555971945
1968-12-01T00:00:00Z,29.5081258856903,0.975748436275902,3,0.103964957601625
1969-01-01T00:00:00Z,33.5354989942997,0.683735511327166,3,0.105719940327877
1969-02-01T00:00:00Z,8.10440118388299,0.41421400992873,3,0.00602482268568974
1969-03-01T00:00:00Z,31.6349244366494,0.621904089714379,3,0.148676392975693
1969-04-01T00:00:00Z,23.0066530501582,1.61760510356999,3,0.0922696983988559
1969-05-01T00:00:00Z,15.7477391439029,0.626277521186626,3,0.0954371500613452
1969-06-01T00:00:00Z,42.8347539128219,0.310424574486865,3,0.295295405671922
1969-07-01T00:00:00Z,61.7346777030001,0.965529104048612,3,0.366717207532844
1969-08-01T00:00:00Z,50.1935627109658,0.867246230558223,3,0.421588651678886
1969-09-01T00:00:00Z,93.911605027567,1.45960776199951,3,0.589797996810715
1969-10-01T00:00:00Z,51.7892803102502,0.158380159583471,3,0.616997691686577
1969-11-01T00:00:00Z,37.2016006120876,0.74271446670911,3,0.102361493849597
1969-12-01T00:00:00Z,45.0882288799043,1.31393430165289,3,0.223460428784716
1970-01-01T00:00:00Z,35.4742521502243,0.671833272720582,3,0.118550172789428
1970-02-01T00:00:00Z,46.3010260223319,1.16020673766908,3,0.19873927982852
1970-03-01T00:00:00Z,48.2983705354756,0.842944670501198,3,0.276406725349487
1970-04-01T00:00:00Z,6.26240906940143,2.05967719969065,3,0.00492320727834935
1970-05-01T00:00:00Z,4.54935966658654,0.565656313502549,3,0.00368674535285481
1970-06-01T00:00:00Z,49.8460190924742,0.790478257540155,3,0.580269171924493
1970-07-01T00:00:00Z,42.8116263729634,1.43263105482024,3,0.108997241338432
1970-08-01T00:00:00Z,52.8402078283317,1.35536464596246,3,0.214392879804035
1970-09-01T00:00:00Z,74.0634281455065,1.58664914749554,3,0.288180643415057
1970-10-01T00:00:00Z,21.9098660302033,1.06947275571948,3,0.0377914530642919
1970-11-01T00:00:00Z,46.0064593660007,0.916710208326772,3,0.184055999641722
1970-12-01T00:00:00Z,13.0688007332175,0.769135794987689,3,0.0414043182562527
1971-01-01T00:00:00Z,41.0404559956451,0.791145762276352,3,0.161767492970189
1971-02-01T00:00:00Z,53.7367695247675,0.779537827062414,3,0.304056886377785
1971-03-01T00:00:00Z,47.3105270275455,0.877047356990212,3,0.444138323723742
1971-04-01T00:00:00Z,21.824708828802,1.07082785496416,3,0.116173214904298
1971-05-01T00:00:00Z,47.8470910816571,0.834719306460432,3,0.196627398488064
1971-06-01T00:00:00Z,37.1413962625655,0.613120995319507,3,0.147831403916096
1971-07-01T00:00:00Z,68.2874885749196,0.996510273968712,3,0.447720317184116
1971-08-01T00:00:00Z,62.8211312558037,1.11751008891187,3,0.409704277128973
1971-09-01T00:00:00Z,44.7624175145396,1.45529816850436,3,0.193254801807797
1971-10-01T00:00:00Z,64.9307982465315,0.976333776629997,3,0.312380612281545
1971-11-01T00:00:00Z,21.9801686725261,1.27417051331393,3,0.178844381603815
1971-12-01T00:00:00Z,25.0314485784733,0.292924865641361,3,0.0538248148217908
1972-01-01T00:00:00Z,25.2507846999663,0.647061332046654,3,0.040774425368482
1972-02-01T00:00:00Z,37.4444879458494,0.560386621301862,3,0.170504885200321
1972-03-01T00:00:00Z,54.6558644686499,0.788738936993134,3,0.538289014626762
1972-04-01T00:00:00Z,26.0863186132342,0.898887799304723,3,0.169337443929626
1972-05-01T00:00:00Z,35.1742213273261,0.353930727368157,3,0.32258758306332
1972-06-01T00:00:00Z,92.3247089939863,0.520651469060751,3,0.60441330697204
1972-07-01T00:00:00Z,28.2522423206053,1.93823501317693,3,0.0870939790107144
1972-08-01T00:00:00Z,67.6843799227633,0.763950046023753,3,0.581584551134439
1972-09-01T00:00:00Z,28.7760992808983,1.16548821618629,3,0.132082188789934
1972-10-01T00:00:00Z,16.4828657244985,0.411635407112065,3,0.0605107626995807
1972-11-01T00:00:00Z,71.1594160748874,0.540809432219101,3,0.404308945710645
1972-12-01T00:00:00Z,50.6050151934493,1.32633502413293,3,0.175183662597411
1973-01-01T00:00:00Z,14.7637996503389,0.643039753551197,3,0.0416604404716387
1973-02-01T00:00:00Z,73.3729648287767,0.748182400528599,3,0.637150622072835
1973-03-01T00:00:00Z,67.6085936706593,1.26064474837447,3,0.423273004169996
1973-04-01T00:00:00Z,32.5997395242614,0.39692756638408,3,0.0739669409332577
1973-05-01T00:00:00Z,26.1393595558422,1.86605611324794,3,0.0781800612512103
1973-06-01T00:00:00Z,20.4168688244371,1.0133380759168,3,0.0547205275561431
1973-07-01T00:00:00Z,125.595499332384,0.880587709256207,3,0.688179861381326
1973-08-01T00:00:00Z,77.1716106729535,1.06447913981127,3,0.392132072541771
1973-09-01T00:00:00Z,20.9032824258363,0.856611664222492,3,0.0445488555321642
1973-10-01T00:00:00Z,12.363208856481,1.29020344225577,3,0.0145548699518178
1973-11-01T00:00:00Z,27.9006969244379,0.0301329535059479,3,0.0644979094310607
1973-12-01T00:00:00Z,35.1906505817742,0.887817801879237,3,0.144460036592932
1974-01-01T00:00:00Z,14.1617934003517,0.576661327786777,3,0.0209873924994111
1974-02-01T00:00:00Z,61.0157163890612,1.01743542673667,3,0.359269578123651
1974-03-01T00:00:00Z,28.0869853269047,1.0885228049787,3,0.0904420942578824
1974-04-01T00:00:00Z,54.8420019014656,0.794732051368037,3,0.268965990292507
1974-05-01T00:00:00Z,105.791746913324,0.655148911605043,3,0.820424183660967
1974-06-01T00:00:00Z,24.7508479793982,0.565280273497796,3,0.272479734040548
1974-07-01T00:00:00Z,10.1470137976309,0.920149854106882,3,0.00822108674494776
1974-08-01T00:00:00Z,13.8446192688079,1.98427345734999,3,0.0174098872443464
1974-09-01T00:00:00Z,25.8558076990703,1.19376046453254,3,0.0461777434521501
1974-10-01T00:00:00Z,39.3625489248631,0.897895878752792,3,0.202029979396049
1974-11-01T00:00:00Z,51.7989546260248,0.397225194044693,3,0.139888903649239
1974-12-01T00:00:00Z,32.864405018379,0.880333944958857,3,0.104118277466156
1975-01-01T00:00:00Z,20.6004196667615,0.908577996339586,3,0.0254851073237704
1975-02-01T00:00:00Z,5.30354629888367,0.725144019780052,3,0.00746997472588981
1975-03-01T00:00:00Z,48.6217445378038,0.871032333984615,3,0.432959456767448
1975-04-01T00:00:00Z,13.5933227163801,1.71567608743627,3,0.051561591013618
1975-05-01T00:00:00Z,36.0987995770109,0.437719477649401,3,0.101597109928672
1975-06-01T00:00:00Z,71.0462777918837,0.47155946653101,3,0.356225561630628
1975-07-01T00:00:00Z,16.6359224668124,0.548817914860933,3,0.0530026475532689
1975-08-01T00:00:00Z,21.738111408638,1.80589984476996,3,0.025874484154687
1975-09-01T00:00:00Z,27.1525344239975,0.548737794676217,3,0.0622619217114811
1975-10-01T00:00:00Z,33.4563033783391,1.51126373727259,3,0.302907964466128
1975-11-01T00:00:00Z,18.6385128171384,0.294009276537847,3,0.0311142304190287
1975-12-01T00:00:00Z,34.4316293813255,0.172419439857245,3,0.126724802007579
1976-01-01T00:00:00Z,23.5033503354419,1.91512782206747,3,0.0451084091989352
1976-02-01T00:00:00Z,42.1695276340636,1.08546534578637,3,0.261326094594727
1976-03-01T00:00:00Z,10.5412555911006,0.976289205857727,3,0.0125119107403203
1976-04-01T00:00:00Z,30.7580111341822,1.06112778805584,3,0.201438198093276
1976-05-01T00:00:00Z,28.8524000896415,0.330091597552589,3,0.0698197193835913
1976-06-01T00:00:00Z,57.1239772956223,0.254960512437951,3,0.339527407379182
1976-07-01T00:00:00Z,69.3494244613101,0.0251321477431239,3,0.262970401704188
1976-08-01T00:00:00Z,27.5449529115222,0.313176338084937,3,0.0533572957845256
1976-09-01T00:00:00Z,65.1618700697638,0.540382837033311,3,0.477632022870068
1976-10-01T00:00:00Z,38.5123058760416,1.884656704132,3,0.0575774654225989
1976-11-01T00:00:00Z,40.1068768699595,1.29435341430416,3,0.159545394413081
1976-12-01T00:00:00Z,28.0624549408584,0.717401640894469,3,0.0810116893668206
1977-01-01T00:00:00Z,9.61974488986388,0.207467628236587,3,0.00810705025936944
1977-02-01T00:00:00Z,39.7873860366902,0.701801672718514,3,0.186563722608866
1977-03-01T00:00:00Z,40.7223309316434,0.72122441502681,3,0.355132757552723
1977-04-01T00:00:00Z,49.072776662929,1.4566897425967,3,0.240225420269883
1977-05-01T00:00:00Z,13.5216309259133,2.00739074607472,3,0.0169201506302047
1977-06-01T00:00:00Z,30.1269955848111,1.77367492129135,3,0.118043024084826
1977-07-01T00:00:00Z,47.1376236896275,0.545227785890444,3,0.138477511510145
1977-08-01T00:00:00Z,33.6230064664024,0.7237007133719,3,0.115047339567571
1977-09-01T00:00:00Z,28.2759691340513,1.87152697520824,3,0.0506749008271575
1977-10-01T00:00:00Z,14.0603815906609,1.35728578474291,3,0.017419812147892
1977-11-01T00:00:00Z,34.4063536404658,1.58384437127679,3,0.0968110077786533
1977-12-01T00:00:00Z,32.536469112134,1.06090151019243,3,0.0603312679613068
1978-01-01T00:00:00Z,14.9208412691475,0.770338863898625,3,0.0293726605850959
1978-02-01T00:00:00Z,38.215222460491,1.10115662905124,3,0.156417418387082
1978-03-01T00:00:00Z,33.3153517618228,0.987387044173749,3,0.161360147236164
1978-04-01T00:00:00Z,55.9917782201276,0.918646185694878,3,0.299905172901535
1978-05-01T00:00:00Z,56.4173817104614,1.00446402817652,3,0.251852644165185
1978-06-01T00:00:00Z,63.9263564538208,0.113350967199393,3,0.372442679948776
1978-07-01T00:00:00Z,47.4505028791233,1.01456781553028,3,0.359452920668635
1978-08-01T00:00:00Z,24.5826825964831,1.4138184544662,3,0.041466227998212
1978-09-01T00:00:00Z,79.7772868912328,1.22325125041554,3,0.320431433833375
1978-10-01T00:00:00Z,51.7393688316066,1.41117827474929,3,0.213223509751237
1978-11-01T00:00:00Z,21.2221594605164,0.288636443611324,3,0.0322816567297409
1978-12-01T00:00:00Z,16.3560456241394,1.23469948059378,3,0.0223385267062316
1979-01-01T00:00:00Z,33.732450399787,1.19291305956611,3,0.212541768923887
1979-02-01T00:00:00Z,25.5968115851512,1.33127101646157,3,0.169866483879013
1979-03-01T00:00:00Z,82.2459926022965,0.999372032489702,3,0.649554958435633
1979-04-01T00:00:00Z,56.6991905506821,1.02497207254205,3,0.366702207841688
1979-05-01T00:00:00Z,47.3138839091795,0.476182657882855,3,0.337854406308701
1979-06-01T00:00:00Z,93.0851021086356,0.551815419566642,3,0.698468628986792
1979-07-01T00:00:00Z,58.6311627325621,0.920549894277809,3,0.444915479811714
1979-08-01T00:00:00Z,10.489807906654,1.60472345957515,3,0.0115427941290866
1979-09-01T00:00:00Z,40.808697046998,1.65850846346412,3,0.124578633722036
1979-10-01T00:00:00Z,23.4533772614045,0.321248813487228,3,0.0338343278290229
1979-11-01T00:00:00Z,28.7427738927642,1.02305721485241,3,0.112237425854222
1979-12-01T00:00:00Z,23.6360231350531,1.14544349219114,3,0.0316639110279562
1980-01-01T00:00:00Z,39.0713527726713,1.09005608135855,3,0.274008083604429
1980-02-01T00:00:00Z,70.2362107721994,1.28089339306816,3,0.594810529576098
1980-03-01T00:00:00Z,26.8306273099671,0.930801036977294,3,0.0444123418177416
1980-04-01T00:00:00Z,46.894024954755,0.841117301613102,3,0.224388409346254
1980-05-01T00:00:00Z,76.4097615282799,0.931264254079102,3,0.561816732997029
1980-06-01T00:00:00Z,24.2499620307637,0.475603412630593,3,0.0779383756693198
1980-07-01T00:00:00Z,102.396039325579,0.462740881587978,3,0.671009240791924
1980-08-01T00:00:00Z,62.042941243986,0.721623061315469,3,0.597384177766912
1980-09-01T00:00:00Z,18.3416802584979,0.924746963711705,3,0.0216782422267762
1980-10-01T00:00:00Z,21.5403225104556,1.03611307046087,3,0.0520345044075394
1980-11-01T00:00:00Z,71.1981185525859,2.0543978582415,3,0.280655035335901
1980-12-01T00:00:00Z,42.8347840483869,0.992306747879493,3,0.119425814708396
1981-01-01T00:00:00Z,18.2445046356324,0.105404227522872,3,0.0516733013182297
1981-02-01T00:00:00Z,28.0583834183407,1.00869300198001,3,0.195538267350347
1981-03-01T00:00:00Z,52.3169272340886,0.829241600845311,3,0.334252361672005
1981-04-01T00:00:00Z,56.4458101032786,0.926588643348547,3,0.319045647151679
1981-05-01T00:00:00Z,26.2566865356733,0.92400777470007,3,0.155294037433777
1981-06-01T00:00:00Z,46.9559010181735,0.80998621912204,3,0.221004616934642
1981-07-01T00:00:00Z,87.5324398506475,0.95201708418145,3,0.585583221200185
1981-08-01T00:00:00Z,19.7812415555967,0.445010040747351,3,0.0435583503489168
1981-09-01T00:00:00Z,28.9892814067981,0.523608315865882,3,0.0430193264320097
1981-10-01T00:00:00Z,55.1168039199286,0.666113151537109,3,0.369884021319839
1981-11-01T00:00:00Z,34.637451870759,1.50793754577673,3,0.213125003427573
1981-12-01T00:00:00Z,40.6677013478932,1.10259420989317,3,0.239095281040586
1982-01-01T00:00:00Z,27.4807894791268,1.09772613216906,3,0.113112998615745
1982-02-01T00:00:00Z,47.3544555102583,1.2064490773513,3,0.40036536877003
1982-03-01T00:00:00Z,45.4985089139564,1.31986535633451,3,0.257111765351149
1982-04-01T00:00:00Z,58.5969021426003,1.03215273011529,3,0.529754899846113
1982-05-01T00:00:00Z,51.7882360652788,1.04754165866792,3,0.379590720666438
1982-06-01T00:00:00Z,79.4820658484117,0.753124124342414,3,0.544536413702515
1982-07-01T00:00:00Z,73.1945409444989,0.437349709364501,3,0.634064896848951
1982-08-01T00:00:00Z,45.8134469432667,0.729745763100349,3,0.215223214967987
1982-09-01T00:00:00Z,43.4555805315597,0.887055874549864,3,0.262984296206787
1982-10-01T00:00:00Z,70.1933808154122,0.211722321084378,3,0.326462584322916
1982-11-01T00:00:00Z,28.5770409792386,0.138219272292632,3,0.0779658015282956
1982-12-01T00:00:00Z,28.6096447137708,1.18854577049847,3,0.0987543963408164
1983-01-01T00:00:00Z,34.9122530959481,1.35127894960037,3,0.0918255638145932
1983-02-01T00:00:00Z,23.1715685349713,0.766028373817806,3,0.0646329975559847
1983-03-01T00:00:00Z,20.7662441724159,1.82268731870527,3,0.0798861308347766
1983-04-01T00:00:00Z,36.8802113728307,0.698564066083968,3,0.323036753255834
1983-05-01T00:00:00Z,57.131679587954,0.666512868051145,3,0.415079231641306
1983-06-01T00:00:00Z,43.0914539890307,0.419180880741472,3,0.17298068236526
1983-07-01T00:00:00Z,17.6733779387065,1.65030930420403,3,0.0312539707092173
1983-08-01T00:00:00Z,35.6400847761308,0.805357766234995,3,0.0726742081027092
1983-09-01T00:00:00Z,35.5990983379755,0.985042714813168,3,0.111645461786789
1983-10-01T00:00:00Z,30.6345494498065,0.795942870563127,3,0.134570475274776
1983-11-01T00:00:00Z,47.4964178700501,1.35477122237798,3,0.291940992237655
1983-12-01T00:00:00Z,29.444741829053,1.02721095764395,3,0.0809583317618314
1984-01-01T00:00:00Z,22.8302311547996,0.677127376546703,3,0.0560194485740114
1984-02-01T00:00:00Z,36.0830904994169,1.16291644750337,3,0.149724896458556
1984-03-01T00:00:00Z,80.4277963570753,0.876658239912916,3,0.474917851940623
1984-04-01T00:00:00Z,2.99847930000832,0.757935818861914,3,0.00150454722761071
1984-05-01T00:00:00Z,45.055897905125,0.470476017793758,3,0.106757451395226
1984-06-01T00:00:00Z,81.2149836230766,0.485654041303839,3,0.39600003637146
1984-07-01T00:00:00Z,29.8081842854944,0.579395994397547,3,0.104598396572822
1984-08-01T00:00:00Z,14.1629008382165,0.745756164073983,3,0.0197002174062885
1984-09-01T00:00:00Z,68.5059595492606,1.23145054743563,3,0.441905769474283
1984-10-01T00:00:00Z,29.8713362831179,0.666742387727557,3,0.0881277480423409
1984-11-01T00:00:00Z,49.3360329739099,0.413095573687225,3,0.289863760630204
1984-12-01T00:00:00Z,38.4499151944517,1.00173402537792,3,0.146042512051721
1985-01-01T00:00:00Z,31.9248020532201,1.23866506686419,3,0.135069551001436
1985-02-01T00:00:00Z,36.3159872073518,1.14682699017211,3,0.154341047653845
1985-03-01T00:00:00Z,48.2418217570571,0.492186911721012,3,0.287017995695148
1985-04-01T00:00:00Z,42.6578359941895,0.825033491274527,3,0.306060086671808
1985-05-01T00:00:00Z,23.8890264175864,0.630203089699352,3,0.134216023208935
1985-06-01T00:00:00Z,77.7743335143302,0.790505877288006,3,0.227496094767011
1985-07-01T00:00:00Z,55.5422638665578,0.939904563602824,3,0.214536874703338
1985-08-01T00:00:00Z,43.5563474076723,0.790498993768255,3,0.242870195451222
1985-09-01T00:00:00Z,28.9185752447408,1.02076084883809,3,0.10346044066404
1985-10-01T00:00:00Z,55.0627054362678,0.838385924639664,3,0.200415617300415
1985-11-01T00:00:00Z,90.8650807764469,0.626667176340401,3,0.425034830001747
1985-12-01T00:00:00Z,21.3306797734211,0.637191449820182,3,0.143181305359109
1986-01-01T00:00:00Z,22.2303536748949,1.16004764643151,3,0.0630157401042368
1986-02-01T00:00:00Z,41.8829306718728,1.07287728905543,3,0.220332220052678
1986-03-01T00:00:00Z,45.1372954757663,1.10732693588667,3,0.184025384850413
1986-04-01T00:00:00Z,14.8032367500995,1.10905169477092,3,0.0687454498137537
1986-05-01T00:00:00Z,55.0156280622759,0.258105366934605,3,0.286255494715244
1986-06-01T00:00:00Z,64.1177282361733,1.76607023049222,3,0.354379272983487
1986-07-01T00:00:00Z,16.4390056210499,0.593088153255027,3,0.034069736247667
1986-08-01T00:00:00Z,59.1685968834491,0.569271869854151,3,0.182918003221747
1986-09-01T00:00:00Z,27.4104103476407,0.947145627275021,3,0.0795626106437934
1986-10-01T00:00:00Z,93.2099769149547,0.793760256042494,3,0.726471961254393
1986-11-01T00:00:00Z,22.1002168922519,0.484481841816891,3,0.0319714288387248
1986-12-01T00:00:00Z,15.9337552295852,0.887001651476701,3,0.0338469269741478
1987-01-01T00:00:00Z,41.5966331346123,1.04661922513456,3,0.364910304559104
1987-02-01T00:00:00Z,53.6670598912061,1.27293573455543,3,0.206555341324485
1987-03-01T00:00:00Z,37.780109325261,1.27693489266024,3,0.178054469999325
1987-04-01T00:00:00Z,39.5575544517196,0.890063411478049,3,0.411311189889879
1987-05-01T00:00:00Z,54.0131283035077,0.605838589619505,3,0.44330420891329
1987-06-01T00:00:00Z,74.143134578681,0.398622386590311,3,0.37693993117144
1987-07-01T00:00:00Z,63.8787532888757,0.517670053127535,3,0.554088864292999
1987-08-01T00:00:00Z,67.3713894382013,1.10167770812671,3,0.357215806579065
1987-09-01T00:00:00Z,49.9167683451478,0.35052616472054,3,0.251466863116559
1987-10-01T00:00:00Z,72.0129363717124,0.784246805905735,3,0.581877306630885
1987-11-01T00:00:00Z,54.2755240081261,1.13432214538654,3,0.386907031918533
1987-12-01T00:00:00Z,13.0480439031746,1.42485441101803,3,0.0223280663702705
1988-01-01T00:00:00Z,39.8368297142261,0.5636929542322,3,0.200844138070989
1988-02-01T00:00:00Z,34.8628242658076,1.27480823570141,3,0.127759321471743
1988-03-01T00:00:00Z,29.9413796281927,1.641794506195,3,0.0858187343028304
1988-04-01T00:00:00Z,72.448820067834,0.489884379022721,3,0.609257672713222
1988-05-01T00:00:00Z,54.4444778848581,0.554672794718498,3,0.247774204561489
1988-06-01T00:00:00Z,71.1827684919225,0.534627693913432,3,0.757182112057166
1988-07-01T00:00:00Z,30.3409280053408,0.797190537432096,3,0.0373472573659474
1988-08-01T00:00:00Z,66.9589618516361,0.229871458943119,3,0.194975092950475
1988-09-01T00:00:00Z,34.3984493423965,0.663123858170764,3,0.0887827395026581
1988-10-01T00:00:00Z,24.7298721361351,1.3494325086137,3,0.0598812659633722
1988-11-01T00:00:00Z,18.2214894055901,0.777452204099302,3,0.109101319559096
1988-12-01T00:00:00Z,12.2235560679251,1.28093651666659,3,0.0192906946528313
1989-01-01T00:00:00Z,38.8334930938638,0.879018802051482,3,0.194201340618172
1989-02-01T00:00:00Z,40.3098671358401,1.00341472614417,3,0.261269016894723
1989-03-01T00:00:00Z,37.2460531251114,1.21049938597106,3,0.447430188112679
1989-04-01T00:00:00Z,54.1268249876961,0.574854930385027,3,0.38741696515773
1989-05-01T00:00:00Z,41.3525093422607,1.06455976556888,3,0.168957825845785
1989-06-01T00:00:00Z,21.1882825733775,0.242269024271502,3,0.067661731416349
1989-07-01T00:00:00Z,66.5771124446224,1.09888863635204,3,0.299197635571223
1989-08-01T00:00:00Z,89.2768491264795,1.17395790902655,3,0.388089830422552
1989-09-01T00:00:00Z,48.1534804742036,0.827617328784427,3,0.146334096768451
1989-10-01T00:00:00Z,49.7117722825019,0.987557950905037,3,0.192275177370099
1989-11-01T00:00:00Z,31.0510166641498,1.43636967768762,3,0.154888614293095
1989-12-01T00:00:00Z,29.7160389723453,1.52049830788212,3,0.0763958235332006
1990-01-01T00:00:00Z,26.3102558902761,0.805086931303729,3,0.0697750931282226
1990-02-01T00:00:00Z,71.7715148887821,0.783654943242585,3,0.668594060377771
1990-03-01T00:00:00Z,10.381958838881,0.659351808173991,3,0.0543728429348006
1990-04-01T00:00:00Z,66.1177343649303,0.268995480015728,3,0.321147362985464
1990-05-01T00:00:00Z,9.6803988401808,1.93193412749513,3,0.0136596797306921
1990-06-01T00:00:00Z,35.3452156539233,1.72647590333171,3,0.0788816713712491
1990-07-01T00:00:00Z,83.5303503529049,1.06246729398839,3,0.726628638357173
1990-08-01T00:00:00Z,8.43667100474277,0.71045021266046,3,0.00964383655354704
1990-09-01T00:00:00Z,37.8506109938285,0.608763721050089,3,0.119078328224018
1990-10-01T00:00:00Z,10.5729514800698,0.35370942951539,3,0.124858741409919
1990-11-01T00:00:00Z,26.7362556462897,0.194514743846356,3,0.0774832174450239
1990-12-01T00:00:00Z,31.1089672667048,2.09158630199059,3,0.157316005788618
1991-01-01T00:00:00Z,45.5112420677237,1.55955106338109,3,0.200275374374682
1991-02-01T00:00:00Z,63.650165520656,1.28206242285444,3,0.350595782844119
1991-03-01T00:00:00Z,52.1162748581454,1.19478628896776,3,0.290150463788972
1991-04-01T00:00:00Z,24.4899593718779,1.37729970170418,3,0.0613625414974504
1991-05-01T00:00:00Z,43.3978444522592,0.334757895002199,3,0.246733582916895
1991-06-01T00:00:00Z,74.7400344598356,0.422379658003988,3,0.326980711127141
1991-07-01T00:00:00Z,44.188268480307,0.431044440359281,3,0.171992448058232
1991-08-01T00:00:00Z,31.4356143253754,1.47156745007484,3,0.0645864029609083
1991-09-01T00:00:00Z,34.1620510516537,1.09408443729038,3,0.0949468252900111
1991-10-01T00:00:00Z,40.2165590985517,0.456914614986098,3,0.0838972842391402
1991-11-01T00:00:00Z,9.90122693925342,1.37337147914243,3,0.00947741248760851
1991-12-01T00:00:00Z,20.2560050748896,0.463973363049089,3,0.0354334944922929
1992-01-01T00:00:00Z,50.7855394965635,1.26488368421837,3,0.287394547048919
1992-02-01T00:00:00Z,24.240332009803,0.830535218952784,3,0.0545662067807296
1992-03-01T00:00:00Z,37.8427504334506,0.456714598469813,3,0.15929649566348
1992-04-01T00:00:00Z,52.0121584007973,0.967766684783451,3,0.286319119383463
1992-05-01T00:00:00Z,38.4867746478613,0.0135330953684891,3,0.0873430844109162
1992-06-01T00:00:00Z,17.0399586470994,2.04488481901535,3,0.0197380670173387
1992-07-01T00:00:00Z,51.0266956266779,0.566668452495173,3,0.184854240930864
1992-08-01T00:00:00Z,7.21697661592934,0.966199989139424,3,0.00830387993852897
1992-09-01T00:00:00Z,33.255980903082,1.47288562932428,3,0.110290593496154
1992-10-01T00:00:00Z,12.4401850986766,2.06771287097017,3,0.0113966387336834
1992-11-01T00:00:00Z,54.6917511195358,1.02641010527335,3,0.316424798933403
1992-12-01T00:00:00Z,35.4579833993946,1.45929272473967,3,0.0661199702402582
1993-01-01T00:00:00Z,15.1749222387183,0.506384024985947,3,0.0154671741678598
1993-02-01T00:00:00Z,80.893772234221,0.981716658559252,3,0.500619788858433
1993-03-01T00:00:00Z,43.0467461364325,0.871391465937457,3,0.244530484842936
1993-04-01T00:00:00Z,57.8732949695728,0.857467592849059,3,0.320201925648338
1993-05-01T00:00:00Z,40.4683222602319,1.43304085824214,3,0.276835947974084
1993-06-01T00:00:00Z,16.9600929199839,1.98927813130039,3,0.0276921611769408
1993-07-01T00:00:00Z,83.4006458179437,0.849524085593949,3,0.541728450748428
1993-08-01T00:00:00Z,61.8742366083247,0.892813301794547,3,0.26114381807792
1993-09-01T00:00:00Z,75.9955684965738,0.6371564119079,3,0.382414864851749
1993-10-01T00:00:00Z,61.7214404075842,0.828273362239035,3,0.283562700230842
1993-11-01T00:00:00Z,22.6814788340725,1.24214774339871,3,0.0811026831079116
1993-12-01T00:00:00Z,20.868270022192,0.788141376795369,3,0.035194735808269
1994-01-01T00:00:00Z,40.5453607482609,1.28111552666132,3,0.183884945662577
1994-02-01T00:00:00Z,53.0700240720735,0.831129737543177,3,0.406726326369908
1994-03-01T00:00:00Z,40.9753887854825,0.651713397767643,3,0.154977985314256
1994-04-01T00:00:00Z,34.4137731699882,0.542094431867948,3,0.162842202336904
1994-05-01T00:00:00Z,22.8324174631321,0.853671392358539,3,0.0593798688241014
1994-06-01T00:00:00Z,28.9023267649024,0.460270775651884,3,0.109851639032656
1994-07-01T00:00:00Z,46.8880956056044,0.578091431097602,3,0.175761955742516
1994-08-01T00:00:00Z,22.5315968364805,1.60224066555864,3,0.0593363686602988
1994-09-01T00:00:00Z,61.2790730450925,2.0798235794834,3,0.273808591747734
1994-10-01T00:00:00Z,54.4431754459864,0.386681262173393,3,0.14637046524244
1994-11-01T00:00:00Z,35.4295334928186,1.50467652076909,3,0.173259960479459
1994-12-01T00:00:00Z,29.2505489055626,0.754581231572791,3,0.0967925670888191
1995-01-01T00:00:00Z,35.5986765754312,0.863216971704703,3,0.201148145397592
1995-02-01T00:00:00Z,42.0984306162991,0.911519956762788,3,0.21150304450984
1995-03-01T00:00:00Z,22.0306989006833,0.0529303360659272,3,0.142075403092643
1995-04-01T00:00:00Z,94.9280974129183,1.34100866923977,3,0.612346075280262
1995-05-01T00:00:00Z,31.3249235864313,0.809729514469645,3,0.168029602978836
1995-06-01T00:00:00Z,66.0666792029671,0.132557368550588,3,0.55236600667737
1995-07-01T00:00:00Z,86.0980806838069,1.97482551180367,3,0.221176302663667
1995-08-01T00:00:00Z,71.5409114302852,0.567096815752501,3,0.333593634916345
1995-09-01T00:00:00Z,33.2301745570481,0.80320424798648,3,0.138476781663773
1995-10-01T00:00:00Z,44.4649594833572,1.27436460109665,3,0.262238637493207
1995-11-01T00:00:00Z,35.9452135332241,0.440213985752232,3,0.138182221945726
1995-12-01T00:00:00Z,8.49313901012684,1.61914831425266,3,0.00658292499003356
1996-01-01T00:00:00Z,24.3931116279463,0.776433328315055,3,0.0659891358482733
1996-02-01T00:00:00Z,4.21092416518755,2.02134959134794,3,0.00174491288089974
1996-03-01T00:00:00Z,38.4786449490841,1.24425136534756,3,0.239750659272993
1996-04-01T00:00:00Z,53.8146050436603,0.808165584109182,3,0.400330627102973
1996-05-01T00:00:00Z,37.2548312696088,0.701166015368336,3,0.149083388243503
1996-06-01T00:00:00Z,20.453860505733,0.550654449911755,3,0.0206005248091704
1996-07-01T00:00:00Z,75.7664485477889,0.695979279261723,3,0.332678420747914
1996-08-01T00:00:00Z,25.6728860283686,0.983553529125352,3,0.0695939744318625
1996-09-01T00:00:00Z,93.4679350279619,1.07586316702233,3,0.515710506086035
1996-10-01T00:00:00Z,39.9523398961951,1.20386274616014,3,0.143680589369835
1996-11-01T00:00:00Z,25.9159686231023,1.70995265362569,3,0.0904202407041362
1996-12-01T00:00:00Z,22.3687561376179,0.870333022792807,3,0.0643199117720264
1997-01-01T00:00:00Z,45.6133814963788,1.3201533354879,3,0.198906084308439
1997-02-01T00:00:00Z,35.3054082931734,1.11539261542005,3,0.192332967893087
1997-03-01T00:00:00Z,43.5550414746711,1.19783840779945,3,0.140863279464348
1997-04-01T00:00:00Z,27.1689848519994,1.4608938686911,3,0.0870664109033008
1997-05-01T00:00:00Z,37.8020142953553,0.788258992986713,3,0.155013526467826
1997-06-01T00:00:00Z,58.1338702656402,0.539003392324509,3,0.230827174867828
1997-07-01T00:00:00Z,34.2703233013328,0.389440834524713,3,0.113786764068178
1997-08-01T00:00:00Z,33.2896670547466,1.29772290167713,3,0.165494184146553
1997-09-01T00:00:00Z,126.440544352801,0.520698660408556,3,0.786464372252495
1997-10-01T00:00:00Z,30.7155937902568,0.238526675508994,3,0.0787772036832054
1997-11-01T00:00:00Z,42.2205691755211,0.486791236070602,3,0.307464844043762
1997-12-01T00:00:00Z,9.30547038535505,0.119079246280402,3,0.0120419639962658
1998-01-01T00:00:00Z,2.38343653573314,1.28421400079176,3,0.000658097697199115
1998-02-01T00:00:00Z,53.4073349899883,0.880803332948463,3,0.151458114866247
1998-03-01T00:00:00Z,39.8769885643656,1.30944007831048,3,0.595046288584419
1998-04-01T00:00:00Z,63.9752235776813,1.10870890504989,3,0.478010367002898
1998-05-01T00:00:00Z,113.210327626093,0.708237295615635,3,0.611454405943131
1998-06-01T00:00:00Z,59.007164382485,0.783123543826021,3,0.228725110419542
1998-07-01T00:00:00Z,42.2565740813443,1.40098570235128,3,0.418561788241508
1998-08-01T00:00:00Z,58.7062572690396,0.355565547562696,3,0.517233998102644
1998-09-01T00:00:00Z,23.5974344698709,0.959680200043535,3,0.0683064532833236
1998-10-01T00:00:00Z,28.8948343457129,1.1894843732321,3,0.258239305058951
1998-11-01T00:00:00Z,29.3716043239391,0.664422850075085,3,0.0800138525461807
1998-12-01T00:00:00Z,50.7483689440984,0.767916704253083,3,0.380166268240454
1999-01-01T00:00:00Z,69.9065271760672,0.981148206730472,3,0.679958291958115
1999-02-01T00:00:00Z,17.5023702018088,0.851893381258685,3,0.0304021110815064
1999-03-01T00:00:00Z,55.7392942756949,1.0574479430766,3,0.270765831183463
1999-04-01T00:00:00Z,11.242138942452,1.17565772397329,3,0.0155833756011604
1999-05-01T00:00:00Z,42.3620716936065,1.12474548942128,3,0.410526628747062
1999-06-01T00:00:00Z,38.5630545851729,0.754034358601671,3,0.297212826688657
1999-07-01T00:00:00Z,42.1414592270178,0.740551256467146,3,0.160682388494433
1999-08-01T00:00:00Z,81.9146096544715,0.645627843025403,3,0.643919024878405
1999-09-01T00:00:00Z,64.5279340279234,0.759504050646374,3,0.366359552033601
1999-10-01T00:00:00Z,62.6187866450521,0.658076409219495,3,0.423093410109734
1999-11-01T00:00:00Z,54.282904259476,1.24845714854701,3,0.299265740907903
1999-12-01T00:00:00Z,34.306875925895,1.85641682711156,3,0.07036660658514
2000-01-01T00:00:00Z,7.60504205706673,1.98920542269098,3,0.00586916159944308
2000-02-01T00:00:00Z,38.91179486905,1.17612242585713,3,0.15734021914869
2000-03-01T00:00:00Z,53.4147996473743,1.24307919052075,3,0.256384605519938
2000-04-01T00:00:00Z,18.1035228929975,1.06298955296982,3,0.140457503489542
2000-05-01T00:00:00Z,46.1871216898763,1.01212642678291,3,0.32748414561584
2000-06-01T00:00:00Z,36.489639979059,0.845427314036929,3,0.263820990010147
2000-07-01T00:00:00Z,69.1233011302992,0.896351455143999,3,0.351161452513287
2000-08-01T00:00:00Z,80.5647166405929,0.451979048630039,3,0.409856900818115
2000-09-01T00:00:00Z,20.1638234373749,0.383975604107174,3,0.0365308202709793
2000-10-01T00:00:00Z,52.8263978747598,0.739185983122655,3,0.253829975489153
2000-11-01T00:00:00Z,78.096167579657,0.461255544789923,3,0.398797523827697
2000-12-01T00:00:00Z,21.5594929990525,1.86205463017103,3,0.053904868873507
2001-01-01T00:00:00Z,31.0776392341491,1.0155695635329,3,0.140115310535013
2001-02-01T00:00:00Z,18.0996800452574,1.38672834342516,3,0.0508146205341073
2001-03-01T00:00:00Z,37.15502315841,1.10579145444697,3,0.148270455385801
2001-04-01T00:00:00Z,72.291645291606,0.650086466056222,3,0.547965257829777
2001-05-01T00:00:00Z,24.6799795578965,1.09619003482375,3,0.0574534217552205
2001-06-01T00:00:00Z,61.657461847244,0.582462596477437,3,0.402864339226444
2001-07-01T00:00:00Z,105.061286779791,0.466258154420804,3,0.867369222301129
2001-08-01T00:00:00Z,73.529409231074,1.32695362889063,3,0.251251593523556
2001-09-01T00:00:00Z,69.7511953581845,0.825879234165972,3,0.35900854281006
2001-10-01T00:00:00Z,33.0303064557465,1.32817372771262,3,0.117280739873485
2001-11-01T00:00:00Z,44.9182376795293,1.71274303390842,3,0.196857181029084
2001-12-01T00:00:00Z,86.6535290095723,1.45903593147454,3,0.660800660632304
2002-01-01T00:00:00Z,42.4234615102584,1.10735976750246,3,0.283788578078296
2002-02-01T00:00:00Z,27.6954539005419,1.31653994546124,3,0.195534811195398
2002-03-01T00:00:00Z,19.4920315010695,0.14886846306651,3,0.0393981154460628
2002-04-01T00:00:00Z,56.6522781511074,0.643933831423099,3,0.466976793672543
2002-05-01T00:00:00Z,86.9283497314587,0.323561708102499,3,0.329113332223133
2002-06-01T00:00:00Z,55.936170209719,0.215598104963167,3,0.159446459862404
2002-07-01T00:00:00Z,70.6298856972406,0.856586499085456,3,0.416749977839171
2002-08-01T00:00:00Z,56.673033891801,0.795709769722401,3,0.368619067483714
2002-09-01T00:00:00Z,25.3224804859075,1.17722043548414,3,0.118053200813933
2002-10-01T00:00:00Z,18.567412851249,0.69611715999641,3,0.0663332451960221
2002-11-01T00:00:00Z,15.4559882274364,0.739388214295542,3,0.015225496005806
2002-12-01T00:00:00Z,13.5533756940096,1.56053576295739,3,0.0365169500741354
2003-01-01T00:00:00Z,9.17337375575887,1.33138701655771,3,0.0096051715710754
2003-02-01T00:00:00Z,34.7737406237117,1.39551782984412,3,0.180062263324236
2003-03-01T00:00:00Z,59.9728644701229,0.944500243686088,3,0.43899783880583
2003-04-01T00:00:00Z,88.4870169593876,0.706835644241468,3,0.522862159973174
2003-05-01T00:00:00Z,54.8626142993568,0.578763401779084,3,0.399286084997107
2003-06-01T00:00:00Z,33.9076817276888,1.47411434116243,3,0.215413820476737
2003-07-01T00:00:00Z,24.9537334389784,0.640789536093771,3,0.0872176553484651
2003-08-01T00:00:00Z,94.6771505330243,1.17861055071415,3,0.555719129975882
2003-09-01T00:00:00Z,66.6958219366018,1.48614823210986,3,0.33761549862772
2003-10-01T00:00:00Z,16.2041348728392,1.58489379594629,3,0.0315954255232482
2003-11-01T00:00:00Z,40.0724272917309,0.0427736638021832,3,0.213113994157245
2003-12-01T00:00:00Z,6.44830763556825,0.816540202711869,3,0.00705770922729295
2004-01-01T00:00:00Z,72.9760424025062,1.39727617866045,3,0.57279049652071
2004-02-01T00:00:00Z,63.7901862985109,0.97262555651312,3,0.32935269456077
2004-03-01T00:00:00Z,58.6204407185475,1.37334423467658,3,0.338479053976554
2004-04-01T00:00:00Z,41.7036666555351,0.927850433605578,3,0.237909976906105
2004-05-01T00:00:00Z,52.6204919658997,0.673204375919261,3,0.192586722762321
2004-06-01T00:00:00Z,51.5085958614481,0.931930146467259,3,0.430764233310925
2004-07-01T00:00:00Z,30.3166152358935,1.71351029061635,3,0.056521698208681
2004-08-01T00:00:00Z,16.4874029981405,1.0666776732827,3,0.0151471355331521
2004-09-01T00:00:00Z,8.43098990329667,0.186700137286532,3,0.0107458308424339
2004-10-01T00:00:00Z,8.26123758617937,0.576466764585908,3,0.016066698336266
2004-11-01T00:00:00Z,27.1134697644146,1.1849998126301,3,0.0461310995104306
2004-12-01T00:00:00Z,4.87183170585753,0.878007554944252,3,0.00192215931874772
2005-01-01T00:00:00Z,18.4289260324321,0.300949241262972,3,0.0529061278442512
2005-02-01T00:00:00Z,79.2926558377774,1.04939685224973,3,0.491650505174789
2005-03-01T00:00:00Z,13.582133118807,1.24806199311177,3,0.0512687138939318
2005-04-01T00:00:00Z,39.4862404560009,0.570716281329635,3,0.139503893675067
2005-05-01T00:00:00Z,50.6475218133833,1.50143721725704,3,0.25214525229043
2005-06-01T00:00:00Z,17.0585671418039,0.148106288210449,3,0.019285761438099
2005-07-01T00:00:00Z,49.9110638448798,0.639881325339588,3,0.202244332265999
2005-08-01T00:00:00Z,48.2924806305841,1.23317406508759,3,0.198395783929502
2005-09-01T00:00:00Z,67.9761282581331,0.91429199866713,3,0.2701813164016
2005-10-01T00:00:00Z,60.3537337466072,0.788432373021059,3,0.377622339413586
2005-11-01T00:00:00Z,53.5994041458238,0.547150904337684,3,0.209439450062701
2005-12-01T00:00:00Z,51.12535279661,0.616972318901881,3,0.195358944295045
2006-01-01T00:00:00Z,33.5819672153388,1.33971584725227,3,0.26332175849458
2006-02-01T00:00:00Z,51.161013480362,1.07668783050862,3,0.192513547879446
2006-03-01T00:00:00Z,36.8349602696393,1.6362937577863,3,0.204759265641809
2006-04-01T00:00:00Z,70.7650454902465,1.34140959306913,3,0.463430851519622
2006-05-01T00:00:00Z,60.4013359957682,1.23249901414624,3,0.340577337603896
2006-06-01T00:00:00Z,41.5213351076667,0.248346885465611,3,0.145265279031157
2006-07-01T00:00:00Z,40.417073618471,0.400925611536586,3,0.150619969957381
2006-08-01T00:00:00Z,95.8743655607938,0.669030885726616,3,0.563346643938879
2006-09-01T00:00:00Z,31.6049716654852,0.280580508984115,3,0.115278176607227
2006-10-01T00:00:00Z,37.8829338051562,1.13417939836403,3,0.222095824985396
2006-11-01T00:00:00Z,40.9101078800229,2.08462778307322,3,0.300336184466638
2006-12-01T00:00:00Z,63.5102701662434,1.52009381235593,3,0.175034696560782
2007-01-01T00:00:00Z,36.2589837497278,0.766705698876752,3,0.135539839801524
2007-02-01T00:00:00Z,38.267915454506,0.578204557188897,3,0.127745846709415
2007-03-01T00:00:00Z,73.9238727436218,0.738323515077626,3,0.63512445134866
2007-04-01T00:00:00Z,42.2058176203386,0.381210835296066,3,0.2219892297857
2007-05-01T00:00:00Z,34.8626471619175,0.55567073768405,3,0.120645417675944
2007-06-01T00:00:00Z,91.2636762235961,0.201179157165667,3,0.427128601516143
2007-07-01T00:00:00Z,73.6564124719331,0.479064115955887,3,0.220484725694264
2007-08-01T00:00:00Z,19.7699283321931,0.406162990313767,3,0.0634642304489529
2007-09-01T00:00:00Z,56.0370091411355,0.830657756113886,3,0.149735892544485
2007-10-01T00:00:00Z,14.5493176189104,1.51583448707669,3,0.0382469777596473
2007-11-01T00:00:00Z,74.2619698343773,0.206309038633227,3,0.41555569844059
2007-12-01T00:00:00Z,56.2934183172098,0.997187522200605,3,0.336023555247215
2008-01-01T00:00:00Z,42.9451870235917,1.09302629206251,3,0.19841833982039
2008-02-01T00:00:00Z,38.2276785938572,1.30040588614666,3,0.124546522087521
2008-03-01T00:00:00Z,67.145192672588,1.0414467097185,3,0.789487816440003
2008-04-01T00:00:00Z,40.4688295496289,0.32116484901837,3,0.199196308962617
2008-05-01T00:00:00Z,19.3654094884083,0.588423287541123,3,0.0460798607204135
2008-06-01T00:00:00Z,79.8790595131353,0.580150150305502,3,0.612070552351994
2008-07-01T00:00:00Z,42.3613205149029,0.920795616420306,3,0.188360889355033
2008-08-01T00:00:00Z,42.7634078441568,1.99110914259058,3,0.163732914127346
2008-09-01T00:00:00Z,137.911847582739,1.17063268362824,3,0.739902075066776
2008-10-01T00:00:00Z,9.5686922341508,0.428996876699026,3,0.0215720619430815
2008-11-01T00:00:00Z,33.1440776659493,1.52791444093797,3,0.253934456405882
2008-12-01T00:00:00Z,46.6698569092194,1.23286297699497,3,0.162289504576973
2009-01-01T00:00:00Z,37.9125083999024,1.32013062232472,3,0.120736533649114
2009-02-01T00:00:00Z,28.1389785706126,0.782728354026537,3,0.231270093216291
2009-03-01T00:00:00Z,50.2199668313918,1.13202049018969,3,0.289624541089947
2009-04-01T00:00:00Z,31.3253937619075,0.896243410210249,3,0.145595071574323
2009-05-01T00:00:00Z,40.4341802963548,0.356380882921309,3,0.129435633239858
2009-06-01T00:00:00Z,60.1382483954388,0.607564419057996,3,0.536207980286188
2009-07-01T00:00:00Z,77.9226631553016,0.359034895939869,3,0.486985143135729
2009-08-01T00:00:00Z,98.6649172546767,1.11132241478293,3,0.619565027133881
2009-09-01T00:00:00Z,40.8059425311638,1.14221460359572,3,0.162563272903404
2009-10-01T00:00:00Z,64.7083852259433,2.07953048643782,3,0.316870921514387
2009-11-01T00:00:00Z,87.0089096875243,0.104533949288178,3,0.290525678848108
2009-12-01T00:00:00Z,31.7919717511733,1.7814642387278,3,0.125702661279333
2010-01-01T00:00:00Z,57.357847134123,1.19954881742694,3,0.293721786205491
2010-02-01T00:00:00Z,44.5647627483555,0.759100655280017,3,0.238093674228237
2010-03-01T00:00:00Z,10.5060008858178,0.339615187262553,3,0.0175348067942191
2010-04-01T00:00:00Z,3.6974881030093,0.124022813930449,3,0.00287203699191954
2010-05-01T00:00:00Z,51.3920679831337,1.10647345002656,3,0.341330915472244
2010-06-01T00:00:00Z,10.4254310352039,2.0232841305848,3,0.0177273215289497
2010-07-01T00:00:00Z,17.3304355539217,0.64491550215495,3,0.0358345830313365
2010-08-01T00:00:00Z,44.9675939877706,1.20787917037313,3,0.349626473289434
2010-09-01T00:00:00Z,30.9601887283785,1.78924590774331,3,0.154338666225435
2010-10-01T00:00:00Z,63.9041175207842,1.2023192302531,3,0.251339546193951
2010-11-01T00:00:00Z,53.4963269825897,1.38596659274614,3,0.282385614924161
2010-12-01T00:00:00Z,47.6345672192008,2.05157149079721,3,0.300730108530273
2011-01-01T00:00:00Z,75.5912658594971,1.08520928189638,3,0.717358445568937
2011-02-01T00:00:00Z,68.0018477502473,1.27838358649668,3,0.683061711165673
2011-03-01T00:00:00Z,41.0954835263005,1.43420762082591,3,0.259914858900412
2011-04-01T00:00:00Z,8.5560341347057,0.500606576663406,3,0.0173370527274678
2011-05-01T00:00:00Z,12.2899068933548,1.65753131870493,3,0.0285568802681583
2011-06-01T00:00:00Z,26.1031929523405,0.501080126332786,3,0.171395011075804
2011-07-01T00:00:00Z,70.0185614590679,0.0729414601996567,3,0.54872913628513
2011-08-01T00:00:00Z,95.6905234221917,0.672263006321049,3,0.853035209683961
2011-09-01T00:00:00Z,8.47537585251339,2.0318760600559,3,0.0161429739250899
2011-10-01T00:00:00Z,35.9696864101661,0.875255614942292,3,0.331882903947854
2011-11-01T00:00:00Z,38.5897372983499,1.56577112759004,3,0.163490425824161
2011-12-01T00:00:00Z,84.5989416385084,0.998446471264232,3,0.590138414884948
2012-01-01T00:00:00Z,26.1153795078811,1.09323373463974,3,0.0406635734283247
2012-02-01T00:00:00Z,23.1256436026235,1.26561894063663,3,0.0469590957006933
2012-03-01T00:00:00Z,50.5104003651295,0.980608325627341,3,0.254279350944435
2012-04-01T00:00:00Z,38.3496834218751,0.91507469736876,3,0.285071261099548
2012-05-01T00:00:00Z,21.5168259867274,1.32625537347393,3,0.0717872804168468
2012-06-01T00:00:00Z,82.6251447018722,2.08294516691374,3,0.390910338191305
2012-07-01T00:00:00Z,11.4620882952439,0.468025892475325,3,0.0160363817394843
2012-08-01T00:00:00Z,97.4593339486554,1.07566936608839,3,0.630497514948398
2012-09-01T00:00:00Z,58.7398592357525,0.866075507741683,3,0.379886257674704
2012-10-01T00:00:00Z,51.8967065767528,0.060121741732619,3,0.247105501615856
2012-11-01T00:00:00Z,40.6290124801067,0.479625812527899,3,0.265606185458346
2012-12-01T00:00:00Z,33.8170203871461,0.527960660866758,3,0.123414024168226
2013-01-01T00:00:00Z,34.0823633880221,1.22454002930499,3,0.0778126563270836
2013-02-01T00:00:00Z,42.7569571061367,0.858091616228548,3,0.213497465966873
2013-03-01T00:00:00Z,61.1793802002546,1.04502989240028,3,0.634671808685374
2013-04-01T00:00:00Z,45.303043061067,1.32072114277232,3,0.203820606716404
2013-05-01T00:00:00Z,40.5361577344339,0.30134519766996,3,0.398245701781261
2013-06-01T00:00:00Z,28.680477196424,2.08391548794655,3,0.177295120387179
2013-07-01T00:00:00Z,37.5175847018783,0.649209444667229,3,0.283697884797021
2013-08-01T00:00:00Z,61.1012309225358,1.06015050110464,3,0.279949207827149
2013-09-01T00:00:00Z,19.260730955114,0.910402065351083,3,0.0386923770660253
2013-10-01T00:00:00Z,23.9633716637201,1.72826936188796,3,0.0689697125912134
2013-11-01T00:00:00Z,13.5547458817853,0.0945391882205509,3,0.0352322367067071
2013-12-01T00:00:00Z,34.2033817911244,0.771965494629547,3,0.0903768372455488
2014-01-01T00:00:00Z,24.7496524277681,0.526366108906424,3,0.0402120332099025
2014-02-01T00:00:00Z,43.772796365772,1.00331993246378,3,0.14016944443038
2014-03-01T00:00:00Z,25.286136294807,1.33929470543806,3,0.0495510225544679
2014-04-01T00:00:00Z,57.7340809494357,1.10953054345258,3,0.256430116198985
2014-05-01T00:00:00Z,11.410538912087,0.937851239649222,3,0.0395234615756348
2014-06-01T00:00:00Z,29.6601737496332,1.38334908566436,3,0.0817974042745933
2014-07-01T00:00:00Z,8.69689612084998,1.04285340991585,3,0.0065127405055058
2014-08-01T00:00:00Z,80.1796919586164,0.53813113921627,3,0.44595723344135
2014-09-01T00:00:00Z,46.4138097486904,0.617395400602021,3,0.242337360001897
2014-10-01T00:00:00Z,31.9387282912291,0.437693439190998,3,0.0861287649484393
2014-11-01T00:00:00Z,37.835614045649,0.0824635610385932,3,0.166693201342174
2014-12-01T00:00:00Z,39.0235472475896,0.873201896348979,3,0.144143139321566
2015-01-01T00:00:00Z,55.5725215970207,0.874097734714707,3,0.243999082428087
2015-02-01T00:00:00Z,54.1174365792233,0.774792943705752,3,0.458092301239597
2015-03-01T00:00:00Z,75.9792026773891,1.23993960650712,3,0.647361727587196
2015-04-01T00:00:00Z,17.5979991563634,0.576881361714082,3,0.0839947699760931
2015-05-01T00:00:00Z,38.6333239653593,1.25085282542783,3,0.293997105312512
2015-06-01T00:00:00Z,61.8597724260481,0.136982660388974,3,0.368466412820301
2015-07-01T00:00:00Z,27.1878267673501,1.59287891435478,3,0.184204740273644
2015-08-01T00:00:00Z,25.8296615792529,1.49785729890509,3,0.165684977793717
2015-09-01T00:00:00Z,82.0386705669359,0.442543501047576,3,0.333193589705531
2015-10-01T00:00:00Z,55.651774828242,0.54175845189198,3,0.287852725299299
2015-11-01T00:00:00Z,19.8172088571901,2.0173109375354,3,0.095269800408591
2015-12-01T00:00:00Z,11.5169993816671,0.343160257401614,3,0.00945054629269721
2016-01-01T00:00:00Z,25.4275825043631,0.564371911255463,3,0.101565500755659
2016-02-01T00:00:00Z,33.9687396964604,0.845566647652628,3,0.262510722754336
2016-03-01T00:00:00Z,55.4304455599085,1.07239581706561,3,0.645187493739525
2016-04-01T00:00:00Z,10.9771202470096,0.620512590115275,3,0.0181940395534677
2016-05-01T00:00:00Z,107.88439438516,0.763753114204083,3,0.477380135960702
2016-06-01T00:00:00Z,92.0037927146008,0.951053416541573,3,0.565259601053531
2016-07-01T00:00:00Z,32.542750164056,0.903045366346216,3,0.179416737237593
2016-08-01T00:00:00Z,81.2805955335941,0.757484916335958,3,0.852244339306288
2016-09-01T00:00:00Z,79.8625279733319,1.06439833222181,3,0.424111956207602
2016-10-01T00:00:00Z,84.564597494993,1.03022592427696,3,0.581697463187401
2016-11-01T00:00:00Z,18.0884872034596,0.151058672232662,3,0.0437855079182111
2016-12-01T00:00:00Z,8.38962832935867,0.572879916322686,3,0.00612482227083498
2017-01-01T00:00:00Z,23.9031436305963,1.60471300337357,3,0.0361214769734234
2017-02-01T00:00:00Z,76.9808489673446,1.19676594943983,3,0.753594086022909
2017-03-01T00:00:00Z,66.3464626882974,0.868734479863302,3,0.540917022998774
2017-04-01T00:00:00Z,80.6080866519468,0.801619562822941,3,0.617121961715379
2017-05-01T00:00:00Z,37.8125408418769,0.552332656378914,3,0.184374542093802
2017-06-01T00:00:00Z,5.65058467329749,1.46689516594342,3,0.00161063537015544
2017-07-01T00:00:00Z,55.4656474684931,1.44094493506019,3,0.291770029165427
2017-08-01T00:00:00Z,55.9733961294889,1.4234955484524,3,0.21329747986498
2017-09-01T00:00:00Z,45.3580688254925,1.49498050257309,3,0.238430861499098
2017-10-01T00:00:00Z,12.0221676658396,0.536513995023351,3,0.0148231254369938
2017-11-01T00:00:00Z,86.5443914013809,0.583101219624122,3,0.660402722702078
2017-12-01T00:00:00Z,21.7632970668923,1.24698409304608,3,0.0617763239768587
2018-01-01T00:00:00Z,64.1224099478895,1.04198235350904,3,0.43955456163722
2018-02-01T00:00:00Z,68.4559422310841,1.16350346894764,3,0.739854101507554
2018-03-01T00:00:00Z,70.3029631636828,1.41095884347894,3,0.477926613409742
2018-04-01T00:00:00Z,35.4767764277427,1.64553322241586,3,0.113644604694522
2018-05-01T00:00:00Z,44.8327842200635,0.470773975675885,3,0.162041043643859
